46883,37058,27611,27875,15128
46883,37058,15128,1812,27611
46883,37058,15128,27875,27611
46883,37058,27875,15128,25062
1684,46883,37058,27611,25062
46883,37058,27611,25062,15128
46883,37058,38394,27875,15128
46883,11069,37058,27611,1684
46883,8005,12423,37058,37121
46883,1812,27611,15128,25062
46883,15128,25062,27611,37058
46883,37058,32826,9123,34896
46883,27611,37058,1812,27875
37058,46883,27611,11081,1684
15128,29580,27611,27875,37058
46883,37058,15128,21517,27875
46883,37058,15128,27875,27611
11478,37058,21958,29580,15434
46883,1812,37058,25062,21517
37058,46883,27875,15128,12551
46883,32283,13796,37058,15128
46883,33596,42089,32772,39481
46883,21958,25062,1684,31868
17130,11798,3602,46883,18694
37121,46883,27611,1812,4231
46883,21958,37058,15128,25062
37058,15128,27875,46883,12551
46883,27611,37058,15128,49077
37058,15128,27875,27611,46883
27875,37058,15128,46883,27611
46883,1684,27611,1812,25062
46883,25062,21958,35994,27611
46883,48705,7947,21958,18951
46883,15128,37058,27611,1812
46883,16191,21958,27611,37058
11547,18066,46120,28413,37058
46883,15128,37058,27611,25062
37058,1684,27875,27611,21517
46883,37058,1812,27611,15128
37058,46883,27611,49077,15128
46883,21958,41168,10548,1812
37058,46883,27875,15128,27611
46883,11478,29580,37058,21958
46883,48705,8080,42125,46606
46883,37058,1684,15128,27611
1684,46883,37058,15128,1812
21958,37058,46883,11478,16191
41463,46883,15472,13454,21958
46883,27611,1684,37058,15128
46883,15128,1812,37058,25062
15128,37058,46883,27611,11081
37058,15128,27875,46883,12551
46883,37058,21958,25062,13601
37058,27611,23548,46883,12551
46883,15128,37058,27611,25062
3245,17061,9915,46883,15128
46883,1684,27611,1812,37058
37058,15128,27875,27611,46883
33038,33636,5442,30666,29675
1684,46883,15128,27611,1812
46883,37058,15128,1812,27611
46883,21958,25062,31868,32826
13454,46883,42483,21984,12207
46883,27611,15128,21958,37058
46883,26168,21958,37058,9761
39270,15128,37058,24175,45013
46883,25062,37058,26871,27611
46883,27611,37058,15128,13506
37058,15128,46883,27875,27611
46883,37058,15128,27875,27611
46883,37058,21517,27875,27611
46883,37058,15128,27875,27611
46883,16873,2252,37058,31820
885,46883,3245,37058,15128
11478,21958,16191,37058,30100
46883,27611,37058,21517,37121
46883,27611,37058,15128,1684
1684,37058,15128,27875,27611
46883,37058,15128,27611,49077
46883,27611,1684,37058,15128
46883,37058,27611,15128,25062
46883,15128,37058,27875,27611
46883,37058,37299,15128,27611
46883,27611,37058,25062,15128
46883,27611,37058,1684,1812
37058,46883,27611,15128,27875
46883,37058,27875,15128,12551
37058,46883,27875,27611,15128
46883,37058,27611,15128,27875
37058,27875,15128,21517,27611
37058,27875,46883,15128,27611
14976,17130,11798,18694,34056
15128,1812,27611,21958,25062
46883,13454,15128,37058,42483
46883,27611,37058,27875,15128
46883,23977,19450,13640,37058
15128,46883,27875,37058,27611
46883,15128,37058,1684,27611
46883,27611,37058,1812,15128
46883,37058,15128,27611,27875
46883,37058,27611,27875,21517
46883,37058,27875,27611,15128
46883,15128,27875,37058,12551
46883,21958,12955,33839,1684
46883,1684,1812,37058,27611
37058,46883,27611,12551,27875
37058,29580,21958,16191,27611
46883,39773,42873,27611,37058
46883,37058,27611,15128,1812
37058,46883,15128,13454,21984
46883,37058,15128,27875,1812
46883,37058,15128,1684,27875
46883,1812,1684,15128,37058
12276,45594,16896,46883,46277
46883,37058,27875,15128,25062
46883,15128,37058,27875,27611
37058,21517,15128,27611,46883
46883,37058,15128,27875,21958
27875,15128,46883,12551,37058
46883,15128,1812,27611,37058
37058,46883,27611,15128,27875
37058,15128,46883,27611,21517
46883,37058,27611,21958,49077
46883,27611,37058,15128,1812
37058,15128,27875,27611,46883
46883,27611,37058,1812,25062
46883,37058,40272,27875,15128
37058,44264,15128,27875,46883
46883,37058,27611,45165,15128
27875,37058,27611,21517,1684
38927,32938,38282,36122,46883
46883,37058,27611,15128,1812
46883,37058,15128,1812,27875
46883,21958,21747,45576,14423
46883,25062,5104,1812,31868
48960,17006,21517,37058,27875
46883,25062,1684,21517,37058
37058,46883,5360,12551,27875
37058,46883,15128,27611,27875
46883,1684,41168,1812,27611
46883,1684,37058,15128,27875
46883,25062,27611,37058,15128
14448,19615,34465,13640,44759
37058,46883,15128,21650,49077
40040,46883,14976,37058,37507
46883,21958,27611,1812,37058
46883,27611,37058,27875,15128
46120,28413,37058,46883,15128
46883,37058,27611,1812,15128
37058,27875,15128,46883,33756
46883,37058,15128,27875,25062
46883,37058,4502,15128,27611
36122,5360,46883,37058,12834
37058,46883,16191,15128,21958
1684,46883,1812,37058,25062
46883,36122,37058,12834,27875
46883,15128,37058,27611,1812
13454,42483,46883,11148,21984
38592,1406,36687,15128,37058
46883,1812,15128,37058,27611
15128,46883,27875,37058,27611
11478,37058,16191,19222,46883
46883,25584,1684,37058,27611
46883,15128,37058,27611,27875
46883,15128,37058,1812,27611
48934,46883,38500,27611,37058
46883,37058,15128,27875,27611
46883,37058,27611,15128,27875
46883,37058,27611,15128,27875
46883,37058,15128,1812,27875
46883,16896,45594,13454,25062
27875,15128,37058,46883,27611
37058,46883,47110,42068,28786
37058,46883,15128,27875,27611
46883,38813,21958,30031,33629
23548,37058,46883,15128,39773
46883,19115,21958,37058,11478
15128,8101,37058,33019,9997
37058,46883,15128,27611,27875
16896,28809,12276,46883,18543
46883,4822,21958,37058,11478
37058,46883,27875,25062,21517
27875,37058,15128,27611,12551
37058,27875,27611,46883,15128
46883,15128,25062,27611,37058
46883,37121,37058,15128,27611
13559,38592,30058,29982,7520
46883,15128,37058,27611,27875
37058,27611,46883,27875,15128
27611,37058,1684,27875,46883
46883,42483,37058,21984,15128
29580,37058,16485,27578,46883
46883,1684,27611,1812,21517
46883,25062,1684,1812,41168
39270,45013,24175,579,46883
1684,46883,44263,1812,13454
46883,37058,7821,21958,25062
37058,15128,27611,21958,29580
46883,37058,15128,27875,27611
1684,37058,44263,21517,27611
49077,37058,27611,15128,27875
46883,3652,1684,37058,27611
37058,46883,27875,27611,15128
46883,37058,27611,15128,12551
37058,27875,21517,46883,27611
46883,1812,26981,37058,27611
46883,37058,27611,49077,15128
46883,15128,27611,37058,25062
37058,27875,46883,15128,27611
46883,37058,49077,27875,15128
37058,27611,7035,21517,27875
46883,37058,1812,25062,27611
29580,27611,46883,21958,37058
46883,21958,22999,48705,37058
46883,1684,37058,25062,15128
42726,46883,12748,37058,13454
37058,46883,15128,25062,27875
46883,1812,1684,25062,27611
46883,37058,27611,15128,27875
37121,46883,27611,37058,25062
46883,37058,27611,27875,15128
46883,37058,33081,27611,25759
46883,37058,15128,1684,27611
46883,37058,27611,27875,26482
46883,13454,21984,21958,42483
46883,37058,15128,27611,27875
37058,15128,27875,46883,27611
46883,15128,37058,27875,1812
46883,37058,27611,8264,27875
46883,39714,5960,29901,18861
12276,13454,16896,45594,46883
46883,21958,48705,9761,37870
33019,8101,9997,37058,9959
45594,16896,28809,12276,46277
37058,15128,46883,27875,27611
37058,27875,46883,15128,27611
13454,46883,42483,37058,15128
13311,46883,37058,15128,27875
37058,46883,1812,15128,27875
16191,29580,21958,46883,27578
46883,6745,21958,48705,37058
37058,9997,27611,33019,15128
46883,21958,1812,27611,25062
46883,25062,1684,1812,37058
46883,37058,27875,15128,12551
46883,37058,15128,27611,1812
27875,15128,37058,27611,46883
46883,27611,27875,15128,37058
46883,15128,37058,27875,27611
46883,17130,11798,3602,18694
46883,27611,26981,1812,21517
45755,11148,12276,45594,17694
885,3245,9915,37058,46883
46883,192,5960,15128,37058
37058,46883,15128,27875,27611
37058,27875,46883,15128,27611
21413,46883,24324,18257,48705
37058,15128,12551,27875,46883
37058,46883,27875,15128,27611
27611,37058,10820,46883,42483
46883,38282,15128,27054,29679
37058,15128,27875,46883,27611
37058,1684,49077,27611,46883
49413,15128,31435,19774,7104
46883,1806,39570,34048,37058
46883,15128,27611,37058,25062
46883,49077,27611,37058,27875
46883,15128,1812,27611,37058
46883,44606,37058,13454,27611
49077,37058,27611,12177,46883
46883,9239,37058,28012,1684
13454,46883,21984,37058,27611
22902,11478,30100,15434,37058
37058,15128,46883,27875,27611
37058,15128,46883,49077,27875
46883,13454,21984,42483,1812
46883,37058,15128,27875,26981
9997,46883,37058,33019,27875
37058,13454,15128,27875,46883
37058,15128,27875,46883,25062
46883,30100,11478,37058,15128
46883,27611,37058,27989,27875
46883,39270,27611,24175,37058
46883,37058,15128,27611,27875
15397,37058,46883,27875,9044
46883,37058,1812,27611,15128
15128,49413,48237,37058,19774
46883,37058,15128,27611,27875
37058,46883,27611,27875,15128
46883,16191,21958,37058,11081
46883,37058,32611,15128,27875
39270,15543,37058,15128,46883
37058,27875,46883,15128,12177
37058,46883,15128,27875,27611
37058,46883,15128,27875,27611
46883,21958,31868,48705,24941
46883,15128,37058,27611,27875
46883,37058,27611,37121,1684
39304,4473,31168,37058,36642
46883,37058,27611,49077,27875
15128,37058,27611,46883,27875
46883,37058,30100,1812,16400
49380,9568,37058,46883,15128
46883,37058,15128,27611,27875
46883,45755,1812,27611,48705
15128,1812,27611,21958,25062
2470,15128,46883,27611,1812
37058,46883,15128,27875,27611
46883,1812,37058,27611,15128
37058,27875,46883,49077,27611
37058,46883,15128,36122,27611
37058,46883,27875,15128,27611
46883,37058,27611,1684,15128
15128,27875,37058,46883,27611
27875,46883,1684,15128,27611
15128,37058,46883,12551,27611
46883,37058,15128,27875,27611
46883,27611,1812,15128,25062
37058,15128,12797,46883,18570
46883,37058,15128,27611,8957
15128,46883,37058,27875,27611
37058,27875,15128,27611,10757
46883,27611,37058,21517,15128
27611,37058,27875,10757,46883
37058,46883,1812,15128,27875
46883,37058,21958,15128,1812
46883,37058,27611,15128,21958
15128,46883,37058,27875,27611
46883,15128,37058,27875,1812
46883,37058,15128,27611,1812
46883,1707,6565,15128,37058
46883,15128,37058,27875,13572
46883,37058,15128,27611,1812
46883,37058,15128,27875,1684
37058,15128,46883,27611,12551
37058,27875,21517,46883,27611
37058,15128,12551,27611,46883
37058,46883,15128,21958,27875
37420,14938,245,46883,37058
15543,37058,27875,15128,27611
16191,21958,46883,29580,37058
46883,27875,37058,27611,15128
37058,46883,27611,27875,10820
46883,37058,21906,27611,1812
37058,27875,46883,15128,27611
37058,15128,46883,27611,27875
46883,27611,37058,15128,1812
11478,46883,15128,37058,26981
37058,1684,27875,27611,46883
46883,15128,37058,27611,25062
46883,48960,16795,37058,15128
37058,13454,27875,46883,27611
27611,37058,21517,45113,46883
7035,25759,37058,15128,46883
37058,46883,27611,15128,27875
46883,2470,44008,27611,37058
15128,37058,46883,27611,1812
15128,46883,37058,11478,15434
46883,37058,15128,5960,28576
46883,37058,15128,26981,27875
46883,37058,27875,15128,27611
27611,46883,15128,37058,27681
46883,15128,26981,37058,25062
46883,26871,25062,39283,31868
27875,37274,37058,1812,28128
37058,27875,15128,27611,12551
37058,27611,27875,46883,15128
46883,20619,37058,15128,30291
49077,27611,46883,1684,1812
27875,37058,15128,27611,46883
46883,27611,37058,1812,15128
46883,13454,42483,18951,21958
46883,37925,16703,33839,15128
15128,46883,37058,5992,27875
37058,46883,27875,15128,27611
46883,37058,25062,15128,42483
37058,46883,27875,42649,48705
15128,37058,46733,49077,46883
46883,37058,15128,1812,25062
46883,1812,27611,25062,37058
46883,37058,27611,37257,15128
46883,37058,15128,27875,27611
46883,15128,1812,27611,37058
27611,46883,37058,15128,27875
46883,37058,15128,27875,25062
46883,22855,37058,49563,48960
37058,15128,46883,27611,26981
46883,37058,15128,27611,26981
46883,21517,1812,37058,15128
46883,37058,27875,27611,15128
46883,37058,15128,27611,25062
37058,46883,20015,49384,33023
46883,30100,11478,15128,1812
37058,25759,46883,15128,27875
11478,30100,37058,22902,30486
46883,37058,15128,27611,10820
5360,46883,37058,1812,36122
46883,37058,15128,27611,1812
46883,37058,15128,27875,26981
37058,27875,15128,46883,27611
37058,15128,46883,12551,27611
37058,15128,27611,46883,12551
21517,37058,27875,27611,46883
46883,9799,48705,21958,32826
46883,21958,1812,15128,27611
37058,46883,27611,27875,15128
45755,11148,2470,4946,46883
34116,34515,37058,46883,26121
46883,37058,27875,15128,27611
46883,25062,31868,21958,1812
37058,49077,46883,21517,25062
46883,37058,15128,27611,1812
37058,1684,27611,27875,46883
5055,13454,41463,42483,32938
38050,46883,37058,49077,27611
37058,46883,49077,27611,15128
46883,37058,15128,27875,21958
1812,46883,1684,15128,37058
46883,27611,42873,1812,25062
46883,37058,15128,27875,27611
37058,46883,21958,11081,27875
46883,37058,27875,15128,24310
46883,37058,27611,27875,15128
37058,15128,19222,46883,27611
37058,27875,12551,46883,15128
37420,245,46883,14938,6025
46883,1812,27611,15128,37058
18694,3602,46883,11798,17130
46883,12276,18658,39270,37058
46883,41168,1812,27611,1684
27611,46883,37058,42483,27875
37058,1684,46883,15128,27611
46883,37058,15128,27875,27611
46883,37058,1812,27875,15128
46883,1684,21984,13454,1812
37058,27875,46883,27611,36518
38592,13559,1406,36687,37058
415128,46883,37058,27611,12551
27875,37058,27611,10820,46883
46883,37058,26121,34116,34515
37058,27611,27875,46883,15128
46883,37058,15128,27611,27875
37058,46883,27875,27611,15128
39270,46883,24175,45013,37058
46883,15128,37058,29352,32056
46883,37058,15128,27875,27611
21517,37058,27611,46883,27875
12977,19674,46883,37058,15128
46883,37058,27611,15128,1812
46883,15128,12551,27875,27611
46883,37058,15128,49077,27611
37058,46883,15128,27875,12551
46883,1684,27611,37058,1812
37058,46883,27611,27875,15128
37058,5477,46883,15128,27875
46883,27875,27611,37058,21958
37058,46883,27875,15128,25062
35303,43836,7829,7158,37058
15128,37058,46883,27875,1812
1223,3592,38923,34082,46883
46883,37058,27611,15128,27875
46883,7947,37058,17319,21958
46883,46606,48705,8080,15128
46883,37058,21958,25062,42125
46883,11069,37058,27611,1684
46883,37058,27611,23548,15128
46883,1812,25062,15128,27611
15128,37058,46883,20015,33023
46883,46277,45594,16896,12276
46883,15128,37058,27611,1684
46883,16191,37058,21958,27611
46883,37058,15128,1812,27611
46883,27611,37058,42873,25062
37058,27611,27875,15128,46883
40736,46883,37058,18557,14662
46883,15128,37058,27875,1812
46883,27611,15128,37058,1812
46883,1812,37058,27611,1684
11478,46883,16191,37058,21941
37058,46883,27875,49077,15128
46883,37058,12031,22074,15128
46883,37058,15128,33450,14064
12551,10820,37058,46883,27611
46883,1684,25062,27611,37058
46883,32826,25062,21958,30941
46883,27875,15128,27611,37058
17601,37058,46883,27611,45184
27611,37058,46883,27875,15128
7829,35303,43836,27875,27611
37058,27875,15128,27611,46883
46883,22327,1812,1684,25062
37058,46883,15128,27875,25062
37058,39270,15128,46883,24175
46883,27611,37058,27875,15128
46883,37058,30100,15128,25062
37058,15128,46883,27611,26981
45755,46883,37058,15128,27611
46883,37058,15128,27611,21958
46883,37058,15128,27875,27611
13454,21984,42483,28096,12207
46883,27611,25062,1812,37058
46883,37058,15128,27875,27611
46883,15128,37058,1812,27611
46883,19222,37058,21076,11478
46883,48960,37058,27611,15128
37058,46883,27875,27611,15128
1684,46883,1812,25062,27611
37058,15128,17130,11798,46883
37058,27875,27611,15128,12551
46883,37058,15128,27611,27875
46883,37058,27611,27875,1812
46883,37058,27611,1684,27875
46883,25062,1812,27611,37058
46883,37058,15128,27611,27875
37058,46883,27875,27611,15128
46883,30686,27681,22393,37058
46883,37058,27611,9785,27875
46883,27611,1812,25062,15128
37058,46883,27875,1684,15128
37058,27875,15128,46883,27611
37058,46883,1812,15128,27611
46883,37058,21958,15128,1812
37058,46883,15128,9044,27611
1684,46883,27611,37058,15128
37058,17130,15128,27875,36122
46883,1684,25062,26871,41168
37058,27875,15128,46883,27611
46883,37058,27611,25062,15128
37058,46883,27611,15128,49077
46883,37058,27611,1684,1812
15128,37058,46883,27875,12551
46883,37058,15128,21517,27611
46883,37058,15128,27875,21958
37058,46883,15128,27875,27611
37058,27875,26329,46883,1684
46883,27611,1812,1684,37058
7621,46883,15128,1812,27611
37058,46883,27611,13060,15128
46883,37058,27611,15128,27875
46883,37058,27611,27875,15128
46883,27875,15128,27611,37058
29580,21958,16191,27578,37058
564,31849,15128,37058,8094
46883,37058,15128,27611,21958
1684,46883,37058,21517,27875
46883,1684,27611,37058,15128
8060,37058,30100,11478,22902
37058,46883,27875,15128,32223
46883,27611,37058,44401,1684
37058,46883,15128,27875,27611
46883,37058,27875,42488,38249
46883,27875,37058,27611,25062
49413,46883,37058,6075,48237
39270,24175,45013,46883,18738
46883,2557,11536,43096,30261
46883,1812,15128,37058,27611
15128,46883,37058,12551,27611
46883,37058,15128,27875,27611
46883,27611,1812,37058,1684
46883,27611,1684,1812,25062
41012,46883,28786,37058,27611
13984,2046,15128,46883,37058
46883,27611,37058,1812,27875
46883,37058,15128,27875,27611
37058,30129,43979,24175,42483
38927,13454,46883,38282,37058
37058,27611,27875,13506,49077
46883,37058,27875,15128,27611
46883,37058,15128,27611,49077
46883,11798,17130,37058,18694
35303,7829,7158,46883,37058
31888,37058,46883,15128,27611
46883,37058,15128,27875,12551
37058,15128,27875,46883,27611
27611,37058,46883,15128,21958
46883,21958,33114,6397,182
46883,27611,15128,37058,26981
46883,27611,37058,27875,15128
37058,15128,27875,12551,46883
46883,37058,27611,15128,27875
46883,1684,25062,26871,41168
27915,45605,7,46883,6652
37058,46883,27611,12551,15128
1684,46883,25062,27611,37058
1684,27875,46883,48934,1812
46883,37058,15128,27611,27875
885,3245,9915,37058,48392
37058,49077,46883,27611,27875
46883,37058,27875,27611,15128
3245,9915,46883,16841,41082
46883,37058,25062,27611,1684
46883,39206,15128,1812,37058
46883,49077,37058,27611,21517
46883,37058,15128,37420,20333
46883,15128,37058,12551,27611
46883,37058,15128,21906,1684
46883,37058,27611,27875,15128
1684,46883,37058,15128,25062
37058,46883,15128,5477,27875
46883,37058,27611,1812,27875
46883,31868,27611,1812,25062
46883,11478,15434,37058,21887
37058,46883,27875,12657,15128
46883,1802,15128,1812,27611
46883,1684,13454,37058,1812
46883,21958,37058,25062,1812
37058,15128,30625,46883,45165
41288,4691,39206,44236,46883
17130,11798,3712,46883,14976
27875,37058,46883,49077,25062
46883,37058,27611,23548,12551
37058,46883,27611,15128,27875
46883,37058,27875,49077,27611
46883,27611,1812,25062,21517
37058,46883,27875,15128,27611
49077,21517,46883,37058,25062
46883,21906,27611,1812,25062
37058,46883,27875,27611,15128
23630,37058,15128,40470,27875
39206,4691,46883,34442,41288
37058,46883,27875,15128,27611
46883,37058,27875,15128,24310
46883,27611,37058,25062,15128
885,9915,46883,16841,15128
2680,46883,35970,27611,35003
37058,15128,27054,46883,21650
46883,37058,15128,26981,21958
37058,15128,46883,27611,27875
46883,37058,44008,15128,1812
3270,46883,29580,41989,27578
46883,1684,1812,25062,37058
46883,1684,27611,25062,1812
46883,14655,37058,19764,43128
39270,46883,24175,45013,37058
46883,37058,15128,27875,27611
46883,13454,42483,21984,25062
46883,37058,27875,15128,27611
37058,15128,46883,27875,12551
11617,46883,27611,15128,25062
46883,1812,30773,11478,21958
37058,15128,27875,46883,27611
46883,25062,1812,41168,1684
46883,27875,15128,27611,1812
46883,1812,1684,27611,25062
46883,49077,27611,25062,1684
46883,37058,5169,15128,27875
46883,37058,6652,27611,15128
12276,16896,45594,46883,28809
46883,37058,27611,27875,15128
37058,15128,46883,27875,27611
46883,37058,27611,21517,15128
46883,37058,15128,27611,1812
46883,37058,15128,1684,27611
46883,37058,27875,15128,27611
5442,46883,33636,37058,27611
15128,37058,46883,564,2319
46883,37058,1684,17319,21958
46883,37058,27875,21958,15128
11478,46883,16191,37058,30100
46883,25062,24310,21958,41168
37121,6495,27611,27875,15128
11547,18066,29211,37058,6075
46883,15128,1812,27611,41168
37058,27611,21517,27875,46883
46883,1684,37058,25062,27611
46883,1812,27611,25062,37058
37058,1684,27875,27611,15128
46883,37058,27611,15128,27875
37058,46883,21958,15128,27611
46883,37058,12657,15128,27875
46883,12657,37058,15128,27611
15128,27875,37058,46883,27611
46883,37058,15128,27611,27875
46883,25062,1812,21958,37058
46883,37058,15128,27611,27875
46883,21958,25062,1812,16400
46883,28208,7690,13454,37058
46883,27611,37058,27875,15128
46883,1684,27611,1812,41168
46883,37058,27611,1812,15128
22420,46883,21976,31868,21958
46883,25062,27611,1684,1812
46883,37058,15128,27875,27611
37058,37121,46883,27611,27875
2774,46120,24532,34209,7035
37058,46883,15128,27875,49077
46883,27611,1684,37058,34678
37058,15128,27875,27611,46883
37058,46883,15128,27875,5360
34116,46883,26121,23115,42485
37058,27611,15128,46883,27875
22785,46883,15128,28012,27611
46883,11478,37058,21958,30100
46883,37058,15128,27611,27875
46883,37058,15128,27875,42052
46883,15128,37058,27611,12551
38927,37058,46883,15128,27875
11148,45755,37253,46883,37058
37058,46883,27611,27875,15128
46883,12002,27611,22208,37058
15128,37058,27875,27611,46883
27875,37058,21517,46883,1684
49077,37058,27611,46883,27875
46883,15128,49077,1812,37058
12276,45594,46883,46277,28809
1870,14448,19615,2177,41718
46883,25062,1812,27611,15128
24980,42358,37058,46883,27875
46883,37058,15128,40272,21958
46883,15128,27611,37058,1812
46883,37058,15128,1812,27611
46883,37058,15128,27875,27611
46883,37058,27875,15128,27611
46883,27611,14976,37058,37507
46883,15128,656,31290,37058
46883,37058,15128,27611,27875
37058,15128,27875,46883,27611
1684,46883,37058,27611,25062
37058,46883,27611,15128,12551
46883,27611,37058,1812,27875
37058,46883,27875,15128,27611
27611,46883,1812,37058,21517
46883,37058,1684,15128,6524
37058,15128,46883,27611,27875
46883,16191,21958,1812,27611
7104,49413,46883,37058,15128
38181,46883,38035,40249,48705
46883,18951,1812,25062,21958
37058,46883,27611,27875,15128
29580,11478,16191,21958,37058
46883,21958,18951,32826,44008
46883,37058,1812,15128,21958
46883,27611,37058,27875,15128
1684,37058,15128,46883,21517
29580,27578,15128,21958,27875
21887,37058,46883,11478,19115
25062,46883,27875,37058,15128
46883,39270,37058,15128,27875
46883,37058,26981,15128,1684
37058,27611,46883,15128,17950
46883,30192,37058,27875,15128
46883,37058,36122,27875,15128
46883,15128,37058,29352,27875
37058,46883,27875,27611,12551
37058,46883,15128,27875,27611
885,3245,16841,9915,1684
20085,45781,29072,39304,26383
37058,46883,15128,18843,27611
31825,27875,15128,37058,17209
37058,27611,46883,37121,27875
46883,15128,21906,27611,37058
37058,11478,29580,30100,16191
46883,37058,15128,1812,25062
46883,37058,15128,27611,27875
15128,46883,1812,27875,27611
12551,46883,23548,37058,27611
27611,37058,46883,15128,27875
39270,37058,24175,45013,46883
37058,27875,15128,12551,27611
37058,15128,12551,10757,17950
13454,21984,42483,12207,28096
46883,1684,27611,1812,25062
12177,37058,1812,15128,27875
49077,27611,46883,13506,25062
5360,46883,37058,36164,8058
46883,36122,15128,37058,27611
37058,15128,46883,27875,27611
46883,1812,27611,37058,18951
37058,46883,15128,27875,27611
46883,37058,15128,12551,27875
37058,27875,15128,46883,27611
37058,27875,46883,27611,15128
15128,37058,46883,27611,1812
46883,21958,37058,15128,38242
46883,45755,15128,27611,37058
46883,27875,15128,27611,37058
1684,46883,15128,27875,27611
46883,23977,19450,13640,21958
46883,7466,44008,20204,37058
46883,37058,43128,15128,16223
46883,37058,15128,27875,1812
46883,37058,1684,15128,27611
46883,37058,15128,27875,26981
46883,31740,15128,1812,27611
46883,1812,26981,37058,27611
46883,37058,15128,27875,27611
39304,27875,37058,4473,15128
46883,37058,15128,27875,1812
46883,37058,27875,15128,27611
37058,46883,27875,27611,15128
13454,21984,19774,46883,49413
46883,37058,27875,15128,27611
37121,37058,27875,15128,49077
37058,46883,15128,27611,1684
46883,30100,37058,46530,15128
27875,21517,15128,27611,37058
46883,1812,37058,27611,25062
46883,1684,1812,27611,21517
37420,37058,27875,46883,15128
192,46883,29901,25827,18861
46883,25062,1684,27611,26871
46883,37058,15128,27875,27611
37058,27875,46883,12551,15128
46883,13454,37058,21984,15128
46883,27611,25062,21517,13506
37058,13454,46883,15128,42483
46883,27611,37058,15128,27875
46883,37058,27611,24054,15128
15128,46883,37058,27611,12177
37058,46883,15128,27611,27875
37058,46883,15128,27875,12551
15128,37058,46883,27875,27611
30157,4288,46883,15128,43830
46883,37925,37058,15128,12276
46883,15128,16795,27875,22855
46883,21517,27611,1812,27875
49413,7104,48237,31435,46883
15128,37058,30100,46883,11478
46883,37058,27875,27611,15128
46883,27611,37058,1812,15128
37058,46883,15128,27611,27875
37058,27611,15128,46883,27875
37058,27611,27875,49077,15128
46883,37058,27875,15128,25062
46883,37058,42144,27875,15128
15128,37058,46883,27875,1812
46883,37058,27875,15128,1812
46883,21958,15128,37058,18951
46883,37058,27611,15128,27875
46883,38050,29833,37058,27611
11148,46883,27611,37058,15128
46883,37058,15128,27875,27611
37058,27875,27611,46883,1684
46883,1684,37058,1812,27611
46883,49077,37058,15128,25062
46883,37058,27611,15128,27875
46883,27611,27875,15128,37058
46883,37058,15128,27611,27875
37058,27875,25759,46883,15128
46883,27611,37058,1812,25062
49380,37058,27875,46883,9568
46883,48705,37058,9761,27611
37058,46883,27611,15128,27875
46883,6745,4922,21958,15030
37058,46883,15128,27875,27611
27611,46883,37058,15128,49077
37058,49077,27611,27875,46883
46883,15128,21958,37058,26981
46883,16191,21958,37058,1812
37058,15128,27611,20464,46883
48705,41792,46883,40028,17224
46883,37058,27611,27875,15128
46883,25062,37058,15128,27611
46883,39270,24175,579,37058
46883,37058,15128,21517,27875
46883,1812,27611,15128,37058
46883,37058,21958,15128,27875
15128,37058,27875,27611,46883
37058,15128,27875,27611,46883
46883,16301,31290,39270,24175
46883,34082,15128,37058,27611
46883,1684,37058,11478,25062
46883,37058,27875,27611,15128
46883,37058,11973,38927,38282
46883,1812,15128,37058,27611
46883,37058,21517,27611,42483
1684,49077,37058,1812,12177
1684,27875,46883,37058,27611
46883,15128,37058,27611,27875
46883,13454,1812,27611,25062
37058,27875,15128,12551,46883
46883,37058,25062,1812,27611
1684,46883,1812,25062,27611
885,3245,9915,37058,27875
46883,15128,37058,27875,27611
46883,37058,15128,27611,27875
37058,15128,27611,46883,12551
46883,27611,1812,15128,37058
1684,37058,46883,27875,27611
27611,46883,15128,37058,27875
37058,5055,13454,46883,41463
46883,37058,15128,27875,12551
46883,26168,44008,46606,17319
37058,28786,16191,46883,21958
46883,27611,37058,15128,10820
46883,48705,46606,9761,18951
37058,46883,15128,27611,27875
46883,42201,25062,32826,48705
37058,15128,27875,27611,46883
29051,27611,46883,37058,21517
46883,16191,21958,1812,37058
15128,27875,37058,27611,12551
46883,15128,37058,27611,1812
885,656,16301,3245,9915
46883,37058,15128,27611,1812
46883,37058,15128,27875,27611
46883,37058,15128,27875,26981
20110,17209,31825,46883,15128
46883,15128,48705,21958,17319
13454,42483,21984,12207,29106
46883,37058,15128,35802,9044
46883,18951,21958,10548,25062
29580,16485,21958,46883,16191
25062,46883,27875,37058,31868
46883,37058,27611,15128,27875
656,25062,46883,31290,1684
40736,37058,46883,15128,27875
1684,30076,15128,37058,46883
46883,21399,37058,15128,27611
37058,46883,15128,27875,21958
37058,46883,15128,27875,27611
46883,25062,27611,15128,1812
46883,15128,1812,37058,27611
46883,37058,33872,15128,21958
37058,27611,15128,46883,27875
37058,46883,15128,7690,27875
46883,21958,37058,15128,16191
46883,37058,27875,27611,15128
28128,1684,38439,19615,14448
15128,46883,37058,27875,27611
37058,27875,46883,15128,8264
16191,21958,37058,29580,46883
39270,45013,1684,46120,46883
12276,46883,28809,45594,16896
46883,21958,25062,27611,37058
46883,1684,45165,1812,27611
46883,37058,1812,25062,27875
46883,37058,15128,27875,1812
46883,27611,37058,15128,1812
46883,39206,4691,37058,21958
46883,37058,1812,27611,15128
46883,37058,1684,1812,15128
46883,15128,37058,27875,27611
46883,27875,15128,27611,37058
37058,46883,27611,15128,12551
46883,37058,27611,15128,1812
6564,28128,9761,45593,46883
11478,37058,15434,21958,29580
37058,46883,29679,15128,27611
37058,46883,27875,15128,27611
46883,37058,21958,5360,27875
21958,46883,15128,3332,1812
37058,46883,15128,27611,27875
15128,37058,5055,46883,41463
37058,46883,27875,12551,26981
46883,31888,27611,44077,37058
46883,27611,37058,1812,15128
46883,37058,15128,27875,27611
30100,11478,37058,27611,29580
22902,30100,11478,37058,46883
37058,15128,27875,27611,46883
37058,27875,27611,15128,46883
37058,46883,27611,15128,1684
46883,1684,25062,27611,37058
37058,46883,27611,21517,27875
46883,27611,37058,27875,15128
37058,27611,46883,27875,15128
2774,36122,5360,24532,11464
46883,37058,27875,885,15128
11478,30100,22902,23878,37058
37058,27875,15128,46883,27611
11478,37058,22902,30100,7895
46883,27875,15128,37058,27611
46883,31868,21958,24310,25062
46883,15128,37058,27611,1812
46883,37058,15128,27611,10769
37058,27875,15128,12551,46883
1684,37058,27875,21517,44263
46883,1812,15128,1684,37058
28056,27915,45605,7,15128
27611,46883,37058,15128,1812
46883,37058,15128,27611,25062
46883,44762,41633,1915,37058
46883,15128,12551,27875,27611
1684,21517,46883,37058,27611
46883,18951,25062,1684,37058
46883,27611,37058,25062,27875
27875,46883,1707,27611,15128
46883,37058,9785,27611,15128
37058,15128,46883,27875,12551
37058,27875,5442,30666,15921
37058,27875,15128,46883,27611
30100,11478,7895,37058,22902
37058,15128,27875,46883,27611
37058,15128,46883,12551,27875
46883,37058,15128,1812,27875
39375,37058,46883,23977,27875
46883,47562,37058,15128,1812
37058,27875,46883,27611,12551
885,46883,13559,9915,40040
37058,46883,15128,27875,27611
46883,21958,19602,25062,32826
46883,48705,27611,9761,17319
46883,37058,27875,15128,27611
46883,39206,4691,25062,37058
46883,37058,15128,27611,40272
46883,37058,15128,27611,25062
46883,37058,15128,27875,27611
11478,30100,37058,22902,45174
46883,15128,22902,30100,11478
